@relation children

@attribute class numeric
@attribute sex {1,0}
@attribute RPG {1,0}
@attribute shooter {1,0}
@attribute fighting {1,0}
@attribute stratigy {1,0}
@attribute simulator {1,0}
@attribute logical {1,0}
@attribute gameHours numeric
@attribute sosialHours numeric
@attribute films {1,0}
@attribute music {1,0}
@attribute information {1,0}
@attribute documents {1,0}
@attribute onlineHours numeric
@attribute totalHours numeric
@attribute azExtravers numeric
@attribute azNeirotizm numeric
@attribute azLie numeric
@attribute VND {сангвиник, холерик, меланхолик, флегматик}
@attribute spSituation numeric
@attribute spPersonal numeric
@attribute dminL numeric
@attribute dmaxL numeric
@attribute drashL numeric
@attribute dminR numeric
@attribute dmaxR numeric
@attribute drashR numeric
@attribute Amin numeric
@attribute Amax numeric
@attribute Arash numeric
@attribute Acommon numeric
@attribute WR numeric
@attribute WL numeric
@attribute AsW numeric
@attribute min {1,0}
@attribute max {1,0}
@attribute rash {1,0}
@attribute W {1,0}
@attribute red numeric
@attribute green numeric
@attribute blue numeric
@attribute difficit {1,0}
@attribute mark numeric
@attribute sleepHours numeric
@attribute hardtofall {1,0}
@attribute hardtoawake {1,0}
@attribute enoughsleep {1,0}
@attribute awakeatnight {1,0}
@attribute insomnia {1,0}

@data
5,1,0,1,1,0,0,0,2,2,1,0,0,0,6,10,15,12,5,сангвиник,33,47,?,?,?,483,1196,2576,?,?,?,?,?,2880.882,?,?,?,?,?,20,21,21,0,3.38,?,?,?,?,?,?
5,1,0,0,0,0,0,0,0,5.5,0,0,1,1,0.5,6,16,12,4,сангвиник,31,37,483,1035,1748,207,943,4117,-0.4,-0.047,0.404,0.57,2088.066,4228.686,0.339,0,1,1,1,3,12,4,0,3.85,?,?,?,?,?,?
5,0,0,0,0,0,1,1,7,0,1,0,0,0,3,10,15,15,4,холерик,32,34,230,897,2116,437,1219,1978,0.9,0.359,-0.065,0.971,2309.754,2364.194,0.024,1,1,0,1,3,9,4,1,3.77,?,?,?,?,?,?
5,0,0,1,0,0,0,0,11.5,4.5,0,0,1,1,2,18,16,15,1,холерик,31,41,184,851,3565,345,805,2530,0.875,-0.054,-0.29,0.923,3669.78,2677.303,-0.27,1,0,0,0,8,14,8,1,4.35,?,?,?,?,?,?
6,1,0,0,0,0,1,0,7,7,0,0,0,0,2,16,21,8,3,сангвиник,35,31,414,1058,4393,391,1219,3013,-0.029,0.071,-0.186,0.201,4537.533,3273.685,-0.162,0,1,0,0,4,11,6,0,4.13,?,?,?,?,?,?
6,0,0,0,0,0,0,0,0,10,0,0,0,0,0,10,16,20,2,холерик,58,56,276,713,2024,345,598,1518,0.111,-0.088,-0.143,0.201,2163.59,1667.619,-0.129,1,0,0,0,5,11,5,0,4.2,?,?,?,?,?,?
6,1,0,0,0,0,0,0,0,10,0,0,0,0,0,10,18,16,4,холерик,47,46,184,713,3082,322,943,2944,0.273,0.139,-0.023,0.307,3168.746,3108.065,-0.01,1,1,0,0,5,12,4,0,4.53,?,?,?,?,?,?
6,0,0,0,0,0,0,1,1,8.5,0,0,1,0,0.5,10,16,14,3,сангвиник,36,33,?,?,?,?,?,?,?,?,?,?,?,?,?,?,?,?,?,5,11,5,1,4.33,?,?,?,?,?,?
6,1,0,0,1,0,0,0,26,4.5,1,0,1,1,3.5,34,20,9,4,сангвиник,40,42,230,644,1863,299,713,1518,0.13,0.051,-0.102,0.173,1984.542,1703.553,-0.076,1,1,0,0,5,10,6,0,3.4,?,?,?,?,?,?
6,0,0,0,0,0,1,0,12,3,0,0,1,1,3,18,19,12,5,сангвиник,36,44,207,851,3335,368,989,2553,0.28,0.075,-0.133,0.319,3448.083,2762.491,-0.11,1,1,0,0,4,6,3,1,4.33,?,?,?,?,?,?
6,0,0,0,0,0,0,0,0,9,0,1,1,1,3,12,20,12,3,сангвиник,52,46,276,828,2185,368,1196,1886,0.143,0.182,-0.073,0.243,2352.867,2263.368,-0.019,1,1,0,0,8,8,5,1,3.9,?,?,?,?,?,?
6,0,1,0,0,0,1,0,5,0,0,0,0,0,0,5,18,18,2,холерик,35,44,230,621,2622,322,897,2507,0.167,0.182,-0.022,0.248,2704.334,2682.041,-0.004,1,1,0,0,4,6,4,1,3.8,?,?,?,?,?,?
6,0,0,0,0,0,1,0,2,3,0,0,0,1,2,7,16,16,5,холерик,31,35,207,667,1633,322,644,1794,0.217,-0.018,0.047,0.223,1776.071,1933.095,0.042,1,0,1,1,6,14,6,1,4.93,?,?,?,?,?,?
6,1,0,1,0,0,0,0,20,3.5,0,1,1,0,5,28.5,12,18,5,холерик,61,59,345,1081,3473,230,621,3726,-0.2,-0.27,0.035,0.338,3653.671,3784.391,0.018,0,0,1,1,2,4,2,0,3.97,?,?,?,?,?,?
6,0,0,1,0,0,0,0,1,3.5,0,0,1,1,2.5,7,8,19,3,меланхолик,51,51,299,1035,2162,253,713,2093,-0.083,-0.184,-0.016,0.203,2415.548,2225.54,-0.041,0,0,0,0,3,5,3,1,3.37,?,?,?,?,?,?
6,1,0,1,1,0,0,0,7,22,0,0,1,1,1,30,17,12,0,сангвиник,46,44,345,897,2116,322,851,2323,-0.034,-0.026,0.047,0.064,2324.025,2494.837,0.035,0,0,1,1,5,8,15,1,3.7,?,?,?,?,?,?
6,0,0,0,0,0,0,0,0,18,0,0,1,1,5,23,22,18,4,холерик,65,53,253,644,3036,115,759,2323,-0.375,0.082,-0.133,0.406,3113.847,2446.556,-0.12,0,1,0,0,2,4,3,1,4.57,?,?,?,?,?,?
6,1,0,0,0,1,0,0,9.5,0,0,0,0,0,0,9.5,17,9,3,сангвиник,37,43,?,?,?,184,759,3404,?,?,?,?,?,3492.442,?,?,?,?,?,5,13,5,0,4.97,?,?,?,?,?,?
6,1,0,0,0,0,1,0,7.5,6,1,0,1,1,3.5,17,17,12,5,сангвиник,45,55,276,1035,3266,184,897,2852,-0.2,-0.071,-0.068,0.223,3437.173,2995.391,-0.069,0,0,0,0,4,6,3,0,4.03,?,?,?,?,?,?
6,0,0,0,0,0,1,0,3,1,0,0,0,0,0,4,22,20,5,холерик,44,47,368,989,1840,506,920,2461,0.158,-0.036,0.144,0.217,2121.119,2675.623,0.116,1,0,1,1,8,17,14,1,3.64,?,?,?,?,?,?
6,1,1,0,0,0,0,0,18.5,3.5,0,1,1,1,1,23,6,20,3,меланхолик,56,56,?,?,?,322,874,3473,?,?,?,?,?,3595.732,?,?,?,?,?,4,10,4,0,5,?,?,?,?,?,?
6,0,0,0,0,0,1,0,17,0,0,1,1,1,21,38,17,24,2,холерик,54,48,299,759,1886,184,736,2208,-0.238,-0.015,0.079,0.251,2054.867,2334.698,0.064,0,1,1,1,9,9,7,1,4.67,?,?,?,?,?,?
7,0,0,0,0,0,0,0,5.25,18.69,1,1,0,1,38.85,62.79,17,11,4,сангвиник,36,42,145.667,797.333,2538.667,153.333,782,2836.667,0.026,-0.01,-0.055,0.062,2946.475,2664.918,281.557,1,0,0,0,6,16,18,0,3.23,8,0,0,0,0,0
7,0,0,1,0,0,1,0,45.5,20.9,1,1,1,1,25.75,92.15,11,13,0,флегматик,57,48,195.5,655.5,2689.5,161,690,2829,-0.097,0.026,-0.025,0.103,2916.378,2775.124,141.255,0,1,0,0,4,14,5,0,4.27,7,1,0,1,0,0
8,1,0,1,0,0,0,0,35,14.7,0,1,1,0,17.5,67.2,19,9,5,сангвиник,38,38,306.667,805,2844.333,310.5,736,2288.5,0.006,-0.045,0.108,0.117,2423.91,2971.919,-548.009,1,0,1,1,6,8,5,1,3.18,7.5,0,1,0,0,0
8,0,0,0,0,0,0,0,0,38.64,0,1,1,0,42,80.64,18,13,5,сангвиник,48,38,299,920,2633.5,218.5,839.5,2748.5,-0.156,-0.046,-0.021,0.164,2882.144,2805.552,76.592,0,0,0,0,6,14,14,0,4.21,7,0,1,0,0,0
8,1,0,0,0,0,0,0,0,28,1,1,1,1,49,77,14,16,6,холерик,71,55,245.333,820.333,3388.667,268.333,805,2997.667,0.045,-0.009,0.061,0.076,3115.451,3495.168,-379.717,1,0,1,1,10,9,6,0,4.32,5.5,0,1,0,0,0
8,0,0,0,0,0,1,1,24.5,98,1,0,1,0,17.5,140,6,15,5,меланхолик,46,55,345,851,2300,356.5,1012,2783,0.016,0.086,-0.095,0.129,2982.671,2476.535,506.136,1,1,0,1,6,20,22,0,4.25,9,0,1,0,0,0
8,1,1,0,0,1,0,0,57.75,13.44,1,1,1,1,33.25,104.44,14,5,1,сангвиник,36,35,218.5,621,3212.5,276,644,2714,0.116,0.018,0.084,0.145,2802.982,3279.259,-476.277,1,1,1,1,3,11,12,0,3.28,7,0,1,0,0,0
8,0,0,0,1,0,1,1,16.38,12.25,1,1,1,0,15.54,44.17,20,13,6,сангвиник,48,47,161,713,2921,126.5,782,2886.5,-0.12,0.046,0.006,0.129,2993.227,3011.068,-17.841,0,1,1,1,5,7,13,0,4.01,10,1,1,0,1,0
8,0,0,0,0,0,0,0,0,17.5,1,0,0,0,10.5,28,12,20,6,холерик,57,55,214.667,828,2781.667,241.5,828,2817.5,0.059,0,-0.006,0.059,2946.559,2910.212,36.347,1,0,0,0,7,20,17,0,3.65,8,1,0,1,0,0
8,0,0,0,0,0,1,0,14,91,1,1,1,1,91,196,15,18,2,холерик,43,44,138,705.333,3204.667,172.5,885.5,2955.5,0.111,0.113,0.04,0.164,3090.121,3284.27,-194.149,1,1,1,1,7,15,13,0,3.63,9,1,1,0,0,0
8,0,0,0,0,0,0,0,0,18.55,1,1,1,1,42,60.55,21,9,4,сангвиник,29,31,153.333,582.667,1909,161,621,2415,0.024,0.032,-0.117,0.124,2498.757,2001.822,496.935,1,1,0,1,8,20,19,0,4.96,7,1,0,0,0,0
8,0,0,0,0,0,0,1,10.01,27.58,1,1,0,1,29.75,67.34,11,24,4,меланхолик,58,56,306.667,989,2461,506,1065.667,2499.333,0.245,0.037,-0.008,0.248,2763.756,2669.96,93.796,1,1,0,1,4,12,13,0,3.32,9.5,1,1,0,0,0
8,1,0,0,0,0,0,0,0,18.62,1,1,0,1,22.12,40.74,16,14,1,сангвиник,47,47,314.333,919,2730.333,498.333,1119.333,2277,0.226,0.098,0.091,0.263,2585.725,2897.945,-312.221,1,1,1,1,9,19,16,0,3.47,8,1,1,0,1,0
8,1,0,1,0,0,1,0,21,10.5,0,0,1,0,14,45.5,19,5,4,сангвиник,25,31,207,665.5,2518.5,314.333,920,2315.333,0.206,0.161,0.042,0.264,2511.17,2613.155,-101.986,1,1,1,1,5,13,16,0,5,7.5,0,1,1,0,0
8,1,1,1,0,1,1,0,8.26,35.7,0,1,0,1,3.5,47.46,19,5,7,сангвиник,24,33,168.667,789.667,2706.333,138,981.333,2921,-0.1,0.108,-0.038,0.152,3084.526,2824.228,260.298,0,1,0,0,9,19,14,0,3.59,8,0,0,1,0,0
8,0,0,0,0,0,0,0,1.75,14.63,0,1,0,0,16.1,32.48,20,14,4,сангвиник,30,42,345,912.333,3128,329.667,1088.667,2177.333,-0.023,0.088,0.179,0.201,2456.554,3276.547,-819.994,0,1,1,1,11,18,19,0,3.49,6.5,0,1,0,0,0
7,0,0,0,0,0,0,0,14,198.1,1,1,1,1,26.7,238.8,15,21,2,холерик,53,55,237.667,766.667,2353.667,230,621,3059,-0.016,-0.105,-0.13,0.168,3129.86,2486.767,643.093,0,0,0,0,4,11,5,0,3.56,5.5,1,1,0,1,1
8,0,0,0,0,0,0,0,0,133,0,1,1,1,49,182,15,15,6,холерик,36,42,222.333,897,2921,253,759,2851,0.065,-0.083,0.012,0.106,2961.13,3063.704,-102.574,1,0,1,1,2,3,2,1,4.51,5.5,0,0,0,0,0
8,1,0,1,0,1,1,0,21,8.12,1,1,1,1,12.25,41.37,19,9,4,сангвиник,25,33,149.5,724.5,2242.5,230,644,2185,0.212,-0.059,0.013,0.221,2289.511,2361.368,-71.856,1,0,1,1,3,15,15,0,5,7.5,1,0,1,0,0
8,0,0,0,0,0,0,0,0,17.15,0,1,1,1,13.65,30.8,17,18,6,холерик,29,48,268.333,674.667,2606.667,299,789.667,2491.667,0.054,0.079,0.023,0.098,2630.851,2705.899,-75.048,1,1,1,1,7,17,20,1,3.58,?,?,?,?,?,?
8,0,0,1,0,0,0,0,14,42,0,1,1,0,42,98,19,13,4,сангвиник,42,31,184,904.667,3074.333,222.333,705.333,2852,0.094,-0.124,0.038,0.16,2946.325,3209.954,-263.629,1,0,1,1,4,7,3,0,4.33,8,0,1,0,0,0
8,0,0,0,0,0,0,0,0,45.84,1,1,1,1,60.25,106.09,21,10,7,сангвиник,32,42,368,1027.333,1947.333,283.667,958.333,2223.333,-0.129,-0.035,-0.066,0.149,2437.638,2232.251,205.387,0,0,0,0,6,13,15,0,4.51,9,0,0,0,0,0
8,1,0,1,0,1,0,1,70.5,0,1,1,1,1,50,120.5,20,4,1,сангвиник,43,37,222.333,866.333,2783,245.333,805,2047,0.049,-0.037,0.152,0.164,2213.238,2923.193,-709.955,1,0,1,1,3,14,11,0,4.16,7.5,0,0,0,0,0
8,1,0,1,1,0,0,0,63,10.29,1,1,1,0,15.05,88.34,19,6,4,сангвиник,30,28,299,655.5,3254.5,230,759,2484,-0.13,0.073,0.134,0.201,2607.535,3333.294,-725.76,0,1,1,1,7,17,16,0,3.08,9,0,1,1,0,0
6,1,0,0,1,0,1,0,7.5,0,1,1,0,1,9,16.5,15,12,9,сангвиник,35,28,337.333,1050.333,2568.333,490.667,1088.667,2622,0.185,0.018,-0.01,0.186,3051.815,2607.94,443.874,1,1,0,2,17,28,24,1,3.41,7,0,1,1,0,0
6,1,0,1,0,1,0,0,56,19.6,1,1,1,0,22.96,98.56,15,18,4,холерик,40,0,552,989,2967,437,1449,4312.5,-0.116,0.189,-0.185,0.289,5193.164,3774.804,1418.36,0,1,0,7,10,22,18,0,3.7,?,?,?,?,?,?
6,0,0,0,0,0,0,1,8.75,0,0,0,0,1,5.25,14,18,13,1,сангвиник,37,40,253,766.667,3220,368,805,2990,0.185,0.024,0.037,0.19,2211.471,2977.145,-765.674,1,1,1,1,12,21,20,1,3.52,?,?,?,?,?,?
6,0,0,0,1,0,0,0,28,3.5,1,1,1,1,73.5,105,10,15,2,меланхолик,63,46,241.5,1012,2817.5,241.5,782,3415.5,0,-0.128,-0.096,0.16,3773.542,2854.225,919.317,0,0,0,9,12,21,24,1,4.33,9,1,0,1,0,0
7,1,0,1,0,0,0,0,21,14,0,0,0,0,0,35,18,7,5,сангвиник,33,38,375.667,889.333,3197,398.667,874,2974.667,0.03,-0.009,0.036,0.047,2698.852,3180.66,-481.808,1,0,1,3,8,10,9,1,3.32,7.5,1,0,0,0,0
7,0,0,0,0,0,0,0,0,31.85,1,1,1,0,49.56,81.41,19,15,3,холерик,38,44,310.5,724.5,3668.5,368,713,3074.333,0.085,-0.008,0.088,0.123,3102.699,3732.313,-629.613,1,0,1,3,5,17,16,0,4.14,7,0,1,1,0,0
7,1,0,1,0,0,1,0,35,14,1,1,1,1,70,119,17,13,4,сангвиник,43,40,245.333,751.333,3450,283.667,720.667,3557.333,0.072,-0.021,-0.015,0.077,4362.67,3904.381,458.289,1,0,0,8,8,18,22,0,4.42,7.5,0,0,0,0,0
7,0,0,0,0,0,0,1,11.9,3.5,0,0,1,0,2.1,17.5,8,17,4,меланхолик,46,56,414,805,3197,598,1012,2714,0.182,0.114,0.082,0.23,2957.625,3322.684,-365.059,1,1,1,1,13,14,17,1,4.28,9,0,0,1,0,0
7,1,1,1,0,1,0,0,63,28,0,0,0,1,7,98,21,7,3,сангвиник,33,32,276,690,3565,322,697.667,3503.667,0.077,0.006,0.009,0.078,3547.223,3627.516,-80.293,1,1,1,1,8,16,15,0,3.55,6,0,0,1,0,0
7,0,0,0,1,0,1,1,10.5,7,0,0,0,0,0,17.5,17,17,4,холерик,44,50,222.333,751.333,5152,375.667,866.333,3442.333,0.256,0.071,0.199,0.332,3168.161,5727.369,-2559.208,1,1,1,1,7,16,20,1,4.16,9,1,1,0,0,0
7,0,0,0,0,0,0,0,0,10.5,0,0,1,0,3.29,13.79,14,18,5,холерик,50,53,245.333,797.333,2054.667,337.333,989,2123.667,0.158,0.107,-0.017,0.192,2539.704,2528.536,11.168,1,1,0,2,14,26,23,0,4.02,7,1,1,0,0,1
7,0,0,0,0,0,1,0,3.5,8.19,1,1,1,1,28,39.69,18,12,4,сангвиник,45,37,299,881.667,2775.333,360.333,820.333,2514.667,0.093,-0.036,0.049,0.111,2867.169,2968.07,-100.9,1,0,1,3,8,18,17,0,3.9,?,?,?,?,?,?
7,0,0,0,0,0,0,0,0,7.56,0,0,0,0,0,7.56,18,9,4,сангвиник,24,34,352.667,835.667,2491.667,337.333,858.667,2346,-0.022,0.014,0.03,0.04,3169.413,2781.384,388.03,0,1,1,4,13,24,24,0,4.82,7,0,0,1,0,0
7,1,0,1,0,0,0,0,28,15.75,0,1,0,1,3.5,47.25,13,23,4,холерик,33,42,429.333,1127,2530,452.333,1180.667,2591.333,0.026,0.023,-0.012,0.037,2972.789,2716.241,256.548,1,1,0,2,6,15,14,0,3.38,6,0,1,0,0,1
7,0,0,0,0,0,0,1,14.7,12.25,1,1,1,1,42,68.95,8,23,4,меланхолик,50,62,329.667,904.667,2238.667,444.667,989,2292.333,0.149,0.045,-0.012,0.156,2420.798,2628.247,-207.449,1,1,0,2,9,20,20,0,3.41,9,0,1,1,0,0
7,1,0,0,0,0,0,0,0,21,0,1,0,1,8.19,29.19,18,15,2,холерик,36,36,391,747.5,3289,391,904.667,3818,0,0.095,-0.074,0.121,3525.008,3759.99,-234.982,0,1,0,10,15,20,21,0,3.88,8.5,0,0,1,1,0
7,0,0,0,0,0,0,0,3.5,31.5,1,1,1,1,66.5,101.5,17,22,2,холерик,45,46,368,766.667,3634,406.333,782,3649.333,0.05,0.01,-0.002,0.051,3816.961,4274.289,-457.328,1,1,0,2,8,21,20,0,4.38,9,0,1,1,0,0
7,1,1,1,0,0,0,0,33.25,14,0,0,1,0,7.63,54.88,17,7,3,сангвиник,28,30,337.333,782,2967,406.333,805,2798.333,0.093,0.014,0.029,0.098,3015.545,3259.434,-243.889,1,1,1,1,12,20,20,0,5,?,?,?,?,?,?
7,1,0,1,0,0,1,0,45.5,35.56,0,1,1,1,4.69,85.75,22,4,6,сангвиник,24,30,314.333,766.667,3312,360.333,920,3097.333,0.068,0.091,0.033,0.118,3377.164,3607.042,-229.878,1,1,1,1,4,3,6,0,3.89,?,?,?,?,?,?
7,0,0,0,0,0,1,0,5.88,14,0,1,0,1,3.5,23.38,21,19,5,холерик,33,36,368,943,2921,391,874,3208.5,0.03,-0.038,-0.047,0.068,3353.35,2735.937,617.413,1,0,0,8,13,21,26,0,3.94,9,0,1,1,0,0







