@relation children

@attribute class {5,6,7,8,9}
@attribute sex {1,0}
@attribute RPG {1,0}
@attribute quest {1,0}
@attribute shooter {1,0}
@attribute arcade {1,0}
@attribute stratigy {1,0}
@attribute simulator {1,0}
@attribute logical {1,0}
@attribute online {1,0}
@attribute games {1,0}
@attribute gameHours numeric
@attribute sosialHours numeric
@attribute sosial {1,0}
@attribute video {1,0}
@attribute information {1,0}
@attribute news {1,0}
@attribute music {1,0}
@attribute films {1,0}
@attribute onlineHours numeric
@attribute totalHours numeric
@attribute azExtravers numeric
@attribute azNeirotizm numeric
@attribute VND {сангвиник, холерик, меланхолик, флегматик}
@attribute spSituation numeric
@attribute spPersonal numeric
@attribute dminL numeric
@attribute dmaxL numeric
@attribute drashL numeric
@attribute dminR numeric
@attribute dmaxR numeric
@attribute drashR numeric
@attribute min {1,0}
@attribute max {1,0}
@attribute rash {1,0}
@attribute red+ numeric
@attribute green+ numeric
@attribute blue+ numeric
@attribute red- numeric
@attribute green- numeric
@attribute blue- numeric
@attribute red {1,0}
@attribute green {1,0}
@attribute blue {1,0}
@attribute mark numeric
@attribute sleepHours numeric
@attribute hardtofall {1,0}
@attribute hardtoawake {1,0}
@attribute enoughsleep {1,0}
@attribute awakeatnight {1,0}
@attribute insomnia {1,0}

@data
8,0,0,0,1,0,1,1,0,1,1,14,23.5,1,1,1,0,1,1,41,78.5,8,16,меланхолик,28,43,230,920,2921,253,805,2231,1,0,0,3,7,4,0,2,1,0,1,0,4.3,8,1,0,1,0,0
9,1,1,0,1,0,0,0,0,1,1,28,48,1,1,1,0,1,1,37,113,15,11,сангвиник,35,41,276,1127,2208,276,644,1610,1,0,0,4,4,4,1,3,2,1,1,1,3,9,0,0,1,0,0
9,0,0,0,0,0,0,0,0,0,0,0,70,1,0,1,0,0,1,91,161,12,15,холерик,43,39,207,506,2185,207,598,2645,1,1,1,4,5,4,2,2,2,0,1,0,3.9,8,0,0,0,0,0
9,1,0,0,1,0,0,0,0,0,1,24,24.36,1,0,0,0,1,1,34.54,82.9,14,11,сангвиник,48,48,?,?,?,?,?,?,1,1,1,3,5,3,1,2,0,0,1,0,3.8,5,1,1,0,0,1
9,0,0,1,0,1,0,0,1,1,1,93,78,1,1,1,1,1,1,78,249,16,14,сангвиник,39,52,230,805,1587,322,759,1403,1,0,0,6,13,5,1,1,1,0,1,0,3.9,8,0,0,1,0,0
9,1,1,0,1,0,1,0,0,1,1,12,9.2,1,1,1,0,1,1,20,41.2,7,16,меланхолик,39,37,161,460,1311,276,552,1242,1,1,0,5,16,14,2,7,7,0,1,0,3.3,7,0,1,0,0,0
9,0,0,1,0,0,0,1,0,0,1,12,17.5,1,1,0,0,0,0,17.5,47,11,14,флегматик,58,43,230,874,2369,207,828,1725,0,0,0,3,3,2,1,2,2,1,1,0,4,8,1,1,0,0,0
9,0,0,0,0,0,0,0,0,0,0,0,20,1,1,0,1,0,0,42,62,7,12,флегматик,59,68,276,851,2825,276,989,2944,1,1,1,2,12,12,0,11,9,0,1,1,3.7,8,1,1,0,0,0
9,0,0,0,0,0,0,1,0,0,1,1.5,10.56,1,0,0,0,1,0,70,82.06,9,12,флегматик,38,40,345,782,1909,345,782,1748,1,1,0,4,15,4,0,5,0,0,1,0,3.4,7,1,1,0,0,0
9,0,0,0,0,0,0,0,0,0,0,0,21,1,0,0,0,1,1,28,49,13,11,сангвиник,26,45,253,644,3772,253,736,3588,1,1,0,12,26,21,10,16,11,0,1,0,3.8,7,1,1,0,0,0
9,0,0,0,0,0,0,0,0,0,0,0,28.5,1,1,0,0,1,1,49,77,13,15,холерик,52,58,115,552,1932,322,1104,2760,1,1,1,4,5,4,2,2,2,0,1,0,?,10,0,1,0,1,0
9,1,0,0,0,0,0,0,0,0,0,0,7,1,0,1,0,1,1,21,28,7,13,флегматик,32,37,138,368,3082,184,414,1909,1,1,0,4,4,2,0,1,0,1,1,0,3.8,9,0,0,1,0,0
9,1,0,0,1,0,0,0,0,1,1,10,100,1,1,1,0,1,0,39,149,9,15,меланхолик,48,37,161,414,1909,253,483,920,1,1,0,5,6,4,1,2,1,0,1,0,4.9,8,0,0,0,0,0
9,1,0,0,1,0,1,0,0,1,1,56.8,21.32,1,1,0,0,0,0,50,128.12,13,14,сангвиник,34,38,253,805,2070,230,713,1587,0,0,0,4,7,15,0,0,7,0,?,1,3.4,7,0,0,1,0,0
9,0,0,0,0,0,0,0,0,0,0,0,64,1,1,1,0,0,0,82,146,10,13,флегматик,32,39,322,897,2829,414,1104,2116,1,1,0,7,18,15,1,3,8,0,1,0,3.8,9,0,0,1,0,0
8,1,0,1,0,0,0,1,0,1,1,7,21,1,0,1,1,1,1,45.5,73.5,16,12,сангвиник,44,40,276,575,1012,276,690,1127,1,1,1,3,5,2,1,2,0,0,1,0,?,9,0,0,0,0,0
8,0,0,0,0,0,0,0,0,0,0,0,35,1,0,1,0,0,1,77,112,13,15,холерик,28,39,506,1288,2231,483,782,1794,0,0,0,8,16,15,2,12,8,0,1,0,?,9,0,1,0,0,0
9,0,0,0,0,0,0,0,0,0,0,0,130,1,0,0,0,1,1,159,289,13,13,сангвиник,51,45,115,506,1656,115,552,1219,1,1,0,8,16,14,0,9,9,0,1,0,4.2,6,1,1,1,1,1
9,1,1,0,1,1,1,1,0,1,1,12,3.5,1,1,0,1,1,1,42,57.5,7,7,флегматик,46,68,115,667,1426,253,552,1587,1,0,1,2,3,4,1,0,1,0,0,1,5,7,1,1,1,0,1
9,0,0,0,0,0,0,0,1,1,1,10,63,1,0,1,1,0,0,63,136,5,13,флегматик,29,44,368,828,1610,667,1587,2024,1,1,1,9,18,10,0,7,1,0,1,0,3.6,10,1,1,0,1,1
9,0,0,0,0,0,0,1,0,0,1,14,46,1,0,1,0,1,1,21,81,14,16,холерик,69,41,391,1127,2208,391,920,1449,1,0,0,4,5,3,0,1,0,0,1,0,3.4,9,1,1,0,0,0
9,0,0,0,0,0,0,0,0,0,0,0,49,1,0,0,0,1,1,59.5,108.5,13,16,холерик,38,42,322,667,1058,414,815,1518,1,1,1,8,9,13,2,2,8,0,0,1,4.5,9,0,0,0,0,0
9,1,0,0,1,0,0,0,0,0,1,9,8,1,1,0,0,0,0,29,46,13,12,сангвиник,27,36,207,506,1334,161,690,1656,0,1,1,8,14,15,0,1,10,0,0,1,3.8,9,0,0,1,0,0
9,1,0,0,1,0,0,0,0,0,1,14,21,1,0,0,0,1,1,4.5,39.5,11,12,флегматик,40,39,138,483,1288,92,460,1587,0,0,1,4,5,3,0,0,0,0,1,0,3.6,8,0,1,1,0,0
9,0,0,0,0,0,0,0,0,0,0,0,39,1,1,1,1,1,1,59,98,11,12,флегматик,43,56,207,805,2116,138,437,1633,0,0,0,8,18,15,2,11,10,0,1,0,4.4,7,0,0,0,0,0
9,1,0,0,1,0,1,0,0,1,1,16,10,1,0,1,1,0,0,60.5,86.5,11,15,меланхолик,40,40,69,414,1150,184,644,2254,1,1,1,7,16,15,1,2,10,0,1,0,4.1,7,0,1,1,0,0
9,1,0,0,1,1,0,1,0,0,1,21,14,1,0,0,0,0,1,28,63,10,11,флегматик,52,52,207,667,2024,138,667,1725,0,1,0,6,15,15,1,4,10,0,1,1,3.7,10,0,1,1,0,0
6,1,0,0,0,1,0,1,0,1,1,7.5,0,0,1,0,0,1,1,9,16.5,15,12,сангвиник,35,28,337,1050,2568,491,1089,2622,1,1,0,17,28,24,11,17,16,0,1,0,3.4,7,0,1,1,0,0
6,1,0,1,1,0,1,0,0,1,1,56,19.6,1,0,1,1,1,1,22.96,98.56,15,18,холерик,40,?,552,989,2967,437,1449,4313,0,1,0,10,22,18,4,9,10,0,1,0,3.7,?,?,?,?,?,?
6,0,0,0,0,0,0,0,1,1,1,8.75,0,0,1,0,0,0,0,5.25,14,18,13,сангвиник,37,40,253,767,3220,368,805,2990,1,1,1,12,21,20,6,12,12,0,1,0,3.5,?,?,?,?,?,?
6,0,0,0,0,1,0,0,0,1,1,28,3.5,1,1,1,0,1,1,73.5,105,10,15,меланхолик,63,46,242,1012,2818,242,782,3416,0,0,0,12,21,24,5,22,15,0,0,1,4.3,9,1,0,1,0,0
7,1,0,0,1,0,0,0,0,0,1,21,14,1,0,0,0,0,0,0,35,18,7,сангвиник,33,38,376,889,3197,399,874,2975,1,0,1,8,10,9,6,8,6,0,1,0,3.3,7.5,1,0,0,0,0
7,0,0,0,0,0,0,0,0,0,0,0,31.85,1,1,1,1,1,1,49.56,81.41,19,15,холерик,38,44,311,725,3669,368,713,3074,1,0,1,5,17,16,1,13,7,0,1,0,4.1,7,0,1,1,0,0
7,1,0,0,1,0,0,1,0,1,1,35,14,1,1,1,0,1,1,70,119,17,13,сангвиник,43,40,245,751,3450,284,721,3557,1,0,0,8,18,22,3,13,9,0,0,1,4.4,7.5,0,0,0,0,0
7,0,0,0,0,0,0,0,1,1,1,11.9,3.5,1,0,1,0,0,0,2.1,17.5,8,17,меланхолик,46,56,414,805,3197,598,1012,2714,1,1,1,13,14,17,8,10,16,0,0,1,4.3,9,0,0,1,0,0
7,1,1,1,1,0,1,0,0,1,1,63,28,1,1,0,0,0,0,7,98,21,7,сангвиник,33,32,276,690,3565,322,698,3504,1,1,1,8,16,15,4,15,13,0,1,0,3.6,6,0,0,1,0,0
7,0,0,0,0,1,0,1,1,0,1,10.5,7,1,0,0,0,0,0,0,17.5,17,17,холерик,44,50,222,751,5152,376,866,3442,1,1,1,7,16,20,4,13,14,0,0,1,4.2,9,1,1,0,0,0
7,0,0,0,0,0,0,0,0,0,0,0,10.5,1,1,1,0,0,0,3.29,13.79,14,18,холерик,50,53,245,797,2055,337,989,2124,1,1,0,14,26,23,5,17,19,0,1,0,4,7,1,1,0,0,1
7,0,0,0,0,0,0,1,0,0,1,3.5,8.19,1,0,1,1,1,1,28,39.69,18,12,сангвиник,45,37,299,882,2775,360,820,2515,1,0,1,8,18,17,6,11,10,0,1,0,3.9,?,?,?,?,?,?
7,0,0,0,0,0,0,0,0,0,0,0,7.56,1,0,0,0,0,0,0,7.56,18,9,сангвиник,24,34,353,836,2492,337,859,2346,0,1,1,13,24,24,5,17,14,0,1,1,4.8,7,0,0,1,0,0
7,1,0,0,1,0,0,0,0,0,1,28,15.75,1,0,0,0,1,0,3.5,47.25,13,23,холерик,33,42,429,1127,2530,452,1181,2591,1,1,0,6,15,14,3,13,6,0,1,0,3.4,6,0,1,0,0,1
7,0,0,0,0,0,0,0,1,1,1,14.7,12.25,1,0,1,0,1,1,42,68.95,8,23,меланхолик,50,62,330,905,2239,445,989,2292,1,1,0,9,20,20,1,12,8,0,1,1,3.4,9,0,1,1,0,0
7,1,0,0,0,0,0,0,0,0,0,0,21,1,1,0,0,1,0,8.19,29.19,18,15,холерик,36,36,391,748,3289,391,905,3818,0,1,0,15,20,21,9,17,14,0,0,1,3.9,8.5,0,0,1,1,0
7,0,0,0,0,0,0,0,0,0,1,3.5,31.5,1,0,1,0,1,1,66.5,101.5,17,22,холерик,45,46,368,767,3634,406,782,3649,1,1,0,8,21,20,6,16,13,0,1,0,4.4,9,0,1,1,0,0
7,1,1,0,1,0,0,0,0,1,1,33.25,14,1,1,1,0,0,0,7.63,54.88,17,7,сангвиник,28,30,337,782,2967,406,805,2798,1,1,1,12,20,20,5,15,16,0,1,1,5,?,?,?,?,?,?
7,1,0,0,1,0,0,1,0,1,1,45.5,35.56,1,0,1,0,1,0,4.69,85.75,22,4,сангвиник,24,30,314,767,3312,360,920,3097,1,1,1,4,3,6,2,0,0,0,0,1,3.9,?,?,?,?,?,?
7,0,0,0,0,0,0,1,0,0,1,5.88,14,1,0,0,0,1,0,3.5,23.38,21,19,холерик,33,36,368,943,2921,391,874,3209,1,0,0,13,21,26,6,13,14,0,0,1,3.9,9,0,1,1,0,0
7,0,0,0,0,0,0,0,0,1,1,5.25,18.69,0,1,0,1,1,1,20,43.94,17,11,сангвиник,36,42,146,797,2539,153,782,2837,1,0,0,6,16,18,3,9,10,0,0,1,3.2,8,0,0,0,0,0
7,0,0,0,1,0,0,1,0,1,1,45.5,20,1,1,1,0,1,1,22,87.5,11,13,флегматик,57,48,196,656,2690,161,690,2829,0,1,0,4,14,5,0,12,3,0,1,0,4.3,7,1,0,1,0,0
8,1,0,0,1,0,0,0,0,1,1,35,14.7,0,0,1,0,1,0,17.5,67.2,19,9,сангвиник,38,38,307,805,2844,311,736,2289,1,0,1,6,8,5,5,10,2,0,1,0,3.2,7.5,0,1,0,0,0
8,0,0,0,0,0,0,0,0,0,0,0,38.64,0,0,1,0,1,0,4.2,42.84,18,13,сангвиник,48,38,299,920,2634,219,840,2749,0,0,0,6,14,14,3,10,6,0,1,1,4.2,7,0,1,0,0,0
8,1,0,0,0,0,0,0,0,0,0,0,28,0,0,1,1,1,1,4.9,32.9,14,16,холерик,71,55,245,820,3389,268,805,2998,1,0,1,10,9,6,5,2,3,1,0,0,4.3,5.5,0,1,0,0,0
8,0,0,0,0,0,0,1,1,0,1,24.5,9.8,1,0,1,0,0,1,17.5,51.8,6,15,меланхолик,46,55,345,851,2300,357,1012,2783,1,1,0,6,20,22,2,16,14,0,0,1,4.2,9,0,1,0,0,0
8,1,1,0,0,0,1,0,0,1,1,57.75,13.44,0,0,1,0,1,1,33.25,104.44,14,5,сангвиник,36,35,219,621,3213,276,644,2714,1,1,1,3,11,12,2,10,8,0,0,1,3.3,7,0,1,0,0,0
8,0,0,1,0,1,0,1,1,0,1,16.38,12.25,0,1,1,0,1,1,15.54,44.17,20,13,сангвиник,48,47,161,713,2921,127,782,2887,0,1,1,5,7,13,4,7,13,0,0,1,4,10,1,1,0,1,0
8,0,0,0,0,0,0,0,0,0,0,0,17.5,0,0,0,0,0,1,10.5,28,12,20,холерик,57,55,215,828,2782,242,828,2818,1,0,0,7,20,17,4,13,12,0,1,0,3.6,8,1,0,1,0,0
8,0,0,0,0,0,0,1,0,1,1,14,91,1,1,1,1,1,1,91,196,15,18,холерик,43,44,138,705,3205,173,886,2956,1,1,1,7,15,13,4,8,7,0,1,0,3.6,9,1,1,0,0,0
8,0,0,0,0,0,0,0,0,0,0,0,18.55,0,0,1,0,1,1,42,60.55,21,9,сангвиник,29,31,153,583,1909,161,621,2415,1,1,0,8,20,19,3,12,11,0,1,0,5,7,1,0,0,0,0
8,0,0,0,0,0,0,0,1,0,1,10.01,27.58,0,1,0,0,1,1,29.75,67.34,11,24,меланхолик,58,56,307,989,2461,506,1066,2499,1,1,0,4,12,13,1,7,7,0,0,1,3.3,9.5,1,1,0,0,0
8,1,0,0,0,0,0,0,0,0,0,0,18.62,0,0,0,1,1,1,22.12,40.74,16,14,сангвиник,47,47,314,919,2730,498,1119,2277,1,1,1,9,19,16,5,17,13,0,1,0,3.5,8,1,1,0,1,0
8,1,0,0,1,0,0,1,0,0,1,21,10.5,0,0,1,0,0,0,14,45.5,19,5,сангвиник,25,31,207,666,2519,314,920,2315,1,1,1,5,13,16,3,10,11,0,0,1,5,7.5,0,1,1,0,0
8,1,1,0,1,0,1,1,0,1,1,8.26,35.7,0,0,0,0,1,0,3.5,47.46,19,5,сангвиник,24,33,169,790,2706,138,981,2921,0,1,0,9,19,14,3,17,11,0,1,0,3.6,8,0,0,1,0,0
8,0,0,0,0,0,0,0,0,0,1,1.75,14.63,0,0,0,1,1,0,16.1,32.48,20,14,сангвиник,30,42,345,912,3128,330,1089,2177,0,1,1,11,18,19,4,9,13,0,0,1,3.5,6.5,0,1,0,0,0
7,0,0,0,0,0,0,0,0,1,1,14,19.8,1,1,1,0,1,1,12,45.8,15,21,холерик,53,55,238,767,2354,230,621,3059,0,0,0,4,11,5,0,6,5,0,1,0,3.6,5.5,1,1,0,1,1
8,0,0,0,0,0,0,0,0,0,0,0,13.3,1,0,1,1,1,0,49,62.3,15,15,холерик,36,42,222,897,2921,253,759,2851,1,0,1,2,3,2,6,6,6,0,1,0,4.5,5.5,0,0,0,0,0
8,1,0,0,1,0,1,1,0,0,1,21,8.12,0,1,1,0,1,1,12.25,41.37,19,9,сангвиник,25,33,150,725,2243,230,644,2185,1,0,1,3,15,15,1,12,12,0,1,1,5,7.5,1,0,1,0,0
8,0,0,0,0,0,0,0,0,0,0,0,17.15,0,0,1,1,1,0,13.65,30.8,17,18,холерик,29,48,268,675,2607,299,790,2492,1,1,1,7,17,20,11,11,13,0,0,1,3.6,?,?,?,?,?,?
8,0,0,0,1,0,0,0,0,1,1,14,42,0,0,1,0,1,0,42,98,19,13,сангвиник,42,31,184,905,3074,222,705,2852,1,0,1,4,7,3,1,2,2,0,1,0,4.3,8,0,1,0,0,0
8,0,0,0,0,0,0,0,0,0,0,0,17.5,1,1,1,0,1,1,20,37.5,21,10,сангвиник,32,42,368,1027,1947,284,958,2223,0,0,0,6,13,15,3,6,9,0,0,1,4.5,9,0,0,0,0,0
8,1,0,0,1,0,1,0,1,0,1,12,0,0,0,1,0,1,1,10.5,22.5,20,4,сангвиник,43,37,222,866,2783,245,805,2047,1,0,1,3,14,11,2,12,10,0,1,0,4.2,7.5,0,0,0,0,0
8,1,0,0,1,1,0,0,0,1,1,6.3,10.29,0,1,1,0,1,1,15.05,31.64,19,6,сангвиник,30,28,299,656,3255,230,759,2484,0,1,1,7,17,16,4,13,12,0,1,0,3.1,9,0,1,1,0,0
5,1,0,1,1,0,0,0,0,?,?,2,2,0,0,0,0,0,1,6,8,15,12,сангвиник,33,47,?,?,?,483,1196,2576,?,?,?,20,21,21,?,?,?,0,1,1,3.4,?,?,?,?,?,?
5,1,0,0,0,0,0,0,0,?,?,0,5.5,1,0,1,0,0,0,0.5,6,16,12,сангвиник,31,37,483,1035,1748,207,943,4117,0,1,1,3,12,4,?,?,?,0,1,0,3.8,?,?,?,?,?,?
5,0,0,0,0,1,0,1,1,?,?,7,0,0,1,0,0,0,1,3,10,15,15,холерик,32,34,230,897,2116,437,1219,1978,1,1,0,3,9,4,?,?,?,0,1,0,3.8,?,?,?,?,?,?
5,0,0,0,1,0,0,0,0,?,?,11.5,4.5,1,0,1,0,0,0,2,18,16,15,холерик,31,41,184,851,3565,345,805,2530,1,0,0,8,14,8,?,?,?,0,1,0,4.3,?,?,?,?,?,?
6,1,0,0,0,0,0,1,0,?,?,7,7,1,0,0,0,0,0,2,16,21,8,сангвиник,35,31,414,1058,4393,391,1219,3013,0,1,0,4,11,6,?,?,?,0,1,0,4.1,?,?,?,?,?,?
6,0,0,0,0,0,0,0,0,?,?,0,10,1,1,0,0,0,0,0,10,16,20,холерик,58,56,276,713,2024,345,598,1518,1,0,0,5,11,5,?,?,?,0,1,0,4.2,?,?,?,?,?,?
6,1,0,0,0,1,0,0,0,?,?,0,10,1,0,0,0,0,0,0,10,18,16,холерик,47,46,184,713,3082,322,943,2944,1,1,0,5,12,4,?,?,?,0,1,0,4.5,?,?,?,?,?,?
6,0,0,0,0,0,0,0,1,?,?,1,8.5,1,0,1,0,0,0,0.5,10,16,14,сангвиник,36,33,?,?,?,?,?,?,?,?,?,5,11,5,?,?,?,0,1,0,4.3,?,?,?,?,?,?
6,1,0,1,0,0,0,0,0,?,?,26,4.5,1,1,1,0,0,1,3.5,34,20,9,сангвиник,40,42,230,644,1863,299,713,1518,1,1,0,5,10,6,?,?,?,0,1,0,3.4,?,?,?,?,?,?
6,1,1,0,0,0,0,0,0,?,?,18.5,3.5,1,0,1,1,1,0,1,23,6,20,меланхолик,56,56,?,?,?,322,874,3473,?,?,?,4,10,4,?,?,?,0,1,0,5,?,?,?,?,?,?
6,0,0,0,0,0,0,1,0,?,?,12,3,0,0,1,0,0,0,3,18,19,12,сангвиник,36,44,207,851,3335,368,989,2553,1,1,0,4,6,3,?,?,?,0,1,0,4.3,?,?,?,?,?,?
6,0,0,0,0,1,0,0,0,?,?,0,9,1,0,1,1,1,0,3,12,20,12,сангвиник,52,46,276,828,2185,368,1196,1886,1,1,0,8,8,5,?,?,?,1,1,0,3.9,?,?,?,?,?,?
6,0,1,0,0,0,0,1,0,?,?,5,0,0,1,0,0,0,0,0,5,18,18,сангвиник,35,44,230,621,2622,322,897,2507,1,1,0,4,6,4,?,?,?,0,1,0,3.8,?,?,?,?,?,?
6,0,0,0,0,1,0,1,0,?,?,2,3,0,0,0,0,0,0,2,7,16,16,холерик,31,35,207,667,1633,322,644,1794,1,0,1,6,14,6,?,?,?,0,1,0,4.9,?,?,?,?,?,?
6,1,0,0,1,0,0,0,0,?,?,20,3.5,1,0,1,1,1,0,5,28.5,12,18,холерик,61,59,345,1081,3473,230,621,3726,0,0,1,2,4,2,?,?,?,0,1,0,4,?,?,?,?,?,?
6,0,0,0,1,0,0,0,0,?,?,1,3.5,1,0,1,0,0,0,2.5,7,8,19,меланхолик,51,51,299,1035,2162,253,713,2093,0,0,0,3,5,3,?,?,?,0,1,0,3.4,?,?,?,?,?,?
6,1,0,1,1,0,0,0,0,?,?,7,22,1,0,1,0,0,0,1,30,17,12,сангвиник,46,44,345,897,2116,322,851,2323,0,0,1,5,8,15,?,?,?,0,0,1,3.7,?,?,?,?,?,?
6,0,0,0,0,0,0,0,0,?,?,0,18,1,1,1,0,0,0,5,23,22,18,холерик,65,53,253,644,3036,115,759,2323,0,1,0,2,4,3,?,?,?,0,1,0,4.6,?,?,?,?,?,?
6,1,0,0,0,0,1,0,0,?,?,9.5,0,0,0,0,0,0,0,0,9.5,17,9,сангвиник,37,43,?,?,?,184,759,3404,?,?,?,5,13,5,?,?,?,0,1,0,5,?,?,?,?,?,?
6,1,0,0,0,0,0,1,0,?,?,7.5,6,1,0,1,0,0,1,3.5,17,17,12,сангвиник,45,55,276,1035,3266,184,897,2852,0,0,0,4,6,3,?,?,?,0,1,0,4,?,?,?,?,?,?
6,0,0,0,0,0,0,1,0,?,?,3,1,0,1,0,0,0,0,0,4,22,20,холерик,44,47,368,989,1840,506,920,2461,1,0,1,8,17,14,?,?,?,0,1,0,3.6,?,?,?,?,?,?
6,0,0,0,0,0,0,1,0,?,?,17,0,0,0,1,1,1,0,21,21,17,24,холерик,54,48,299,759,1886,184,736,2208,0,1,1,9,9,7,?,?,?,1,1,0,4.7,?,?,?,?,?,?
